-0.913298	0.0499581	-0.40422	0
0.404864	0.219629	-0.887608	0
0.0444367	-0.974303	-0.220814	0
0	0	0	1
-0.0775	0.2425	1.005
0.002