0.320373	0.342163	-0.883339	0
-0.879053	0.454892	-0.142615	0
0.353024	0.822192	0.446514	0
0	0	0	1
-0.0475	-0.03	4.09875
0.001